



IS = -1.61436617932e-13
N = 4.72654237124
RS = 7.67270000296