IS = -1.10573545051e-20
N = 1.76800549372
RS = 1.77484085505